10448154
10598447
10611810
10611817
10658851
10694412
10694546
10695346
10695432
10695529
10699792
10699877
10700347
10702152
10710332
10715270
10715272
10749064
10761736
10762338
10765614
10778586
10795773
10798230
10798323
10799626
10814212
10818600
10825580
10828430
10837041
10845691
10847527
10860959
10864488
10868445
10873350
10873795
10883892
10884059
10887194
10888717
10889342
10890893
10893627
10897268
10897824
10904759
10906083
10906185
10906269
10906287
10906321
10911114
10912523
10916293
10918114
10922617
10923803
10934348
10938010
10939229
10940426
10940429
10940432
10948500
10949112
10954266
10973186
10973546
10973593
10974031
10974467
10975039
10975369
10975935
10977049
10978214
10980504
10982484
10982509
10982519
10983743
10983784
10984453
10984471
10985020
10986093
10986110
10986135
10986137
10987065
10987892
10987897
10988248
10988259
10988284
10988299
10988301
10988311
10988545
10989899
10989901
10989930
10990499
10991328
10991383
10991396
10991399
10991413
10991431
10991669
10991690
10991691
10991694
10991711
10991796
10991805
10991806
10991827
10991829
10992135
10992169
10992172
10992190
10992192
10992600
10992614
10992619
10992621
10992623
10992628
10992635
10992637
10992639
10992643
10992654
10992659
10992676
10992678
10992680
10992681
10992685
10992686
10992687
10992689
10993078
10993082
10993087
10993095
10993132
10993133
10993141
10993150
10993157
10993160
10993193
10993194
10993198
10993200
10993203
10993207
10993576
10993583
10993590
10993599
10993604
10993605
10993606
10993611
10993613
10993631
10993639
10993643
10993661
10993664
10993676
10993679
10993687
10993688
10994056
10994058
10994062
10994070
10994139
10994158
10994162
10994170
10994587
10994593
10994594
10994600
10994604
10994608
10994625
10994632
10994634
10994635
10994638
10994639
10994675
10994677
10994679
10994685
10994689
10995260
10995271
10995285
10995291
10995306
10995318
10995320
10995326
10995328
10995344
10996113
10997314
10997345
10997361
10997402
10997432
10999303
10999378
10999381
10999387
10999390
10999391
10999410
10999427
10999431
10999449
10999455
10999458
10999467
10999476
10999751
11000319
11000349
11000363
11000819
11000835
11001110
11001160
11001174
11001195
11001199
11001217
11001230
11001452
11001469
11001477
11001496
11001522
11001523
11001529
11001578
11001915
11001918
11001921
11001922
11001960
11001962
11001999
11002276
11002290
11002344
11002643
11002650
11002655
11002666
11002674
11002681
11002695
11002700
11002701
11002703
11002707
11002721
11002726
11003257
11003266
11003268
11003284
11003292
11003294
11003299
11003305
11003310
11003315
11003321
11003347
11003356
11003360
11003650
11003666
11003679
11003682
11003695
11003707
11003713
11003716
11003724
11003742
11003746
11003755
11003756
11003769
11003771
11003783
11003786
11003965
11003966
11003976
11003983
11004007
11004024
11004029
11004030
11004038
11004040
11004083
11004090
11004091
11004096
11004101
11004104
11004106
11004112
11004120
11004123
11004129
11004144
11004149
11004150
11004154
11004159
11004162
11004253
11004261
11004285
11004349
11004351
11004375
11004386
11004395
11004615
11004654
11004698
11004703
11004705
11004727
11004729
11005297
11005308
11005310
11006253
11006275
11006283
11006297
11006304
11006322
11006573
11007206
11007241
11007259
11009012
11009034
11009068
11009482
11009543
11009592
11009685
11009687
11009897
11009953
11009964
11009989
11010001
11010020
11010330
11010335
11010347
11010358
11010376
11010395
11010400
11010408
11010412
11010476
11010537
11010557
11010585
11010587
11010637
11010693
11010715
11010745
11010746
11010748
11010754
11010763
11010779
11010805
11010806
11010809
11010810
11010820
11010822
11010831
11010833
11010842
11010844
11010845
11010853
11010858
11010864
11010866
11010873
11010878
11010889
11010946
11010994
11011076
11011141
11011248
11011259
11011315
11011320
11011328
11011332
11011333
11011349
11011356
11011368
11011377
11011416
11011430
11011434
11011441
11011443
11011463
11011486
11011738
11011792
11011797
11011847
11011874
11011896
11012270
11012280
11012326
11012354
11012396
11012780
11012810
11012866
11012878
11012879
11012888
11012897
11012906
11012907
11012911
11012912
11012920
11013306
11013313
11013318
11013358
11014045
11014133
11014317
11014332
11014333
11014337
11014355
11014361
11014374
11014375
11014379
11014387
11014392
11014406
11014407
11014414
11014418
11014434
11014435
11014449
11014451
11014460
11014533
11014858
11014862
11014878
11015075
11015344
11015778
11015780
11015798
11015806
11015811
11015812
11015819
11015834
11015838
11015860
11015899
11015914
11015925
11016066
11016351
11016463
11016497
11016498
11016505
11016511
11016513
11016807
11016816
11016817
11016917
11016939
11016941
11017012
11017021
11017025
11017042
11017048
11017056
11017061
11017073
11017076
11017221
11017255
11017311
11017326
11017385
11017395
11017404
11017408
11017462
11017476
11017484
11017579
11017584
11017599
11017600
11017606
11017607
11017610
11017615
11017618
11017622
11017659
11017696
11017703
11017706
11017707
11017708
11017713
11017717
11017719
11017720
11017723
11017724
11017725
11017728
11017730
11017731
11017733
11017736
11017737
11017742
11017743
11017746
11017754
11017757
11017759
11017760
11017761
11017764
11017767
11017771
11017775
11017777
11017779
11017781
11017783
11017784
11017788
11017790
11017792
11017793
11017794
11017795
11017796
11017797
11017800
11017803
11017804
11017806
11017807
11017808
11017809
11017821
11017822
11018037
11018268
11018269
11018456
11018464
11018467
11018497
11018500
11018502
11018503
11018506
11018507
11018508
11018510
11018515
11018518
11018519
11018521
11018546
11018572
11018574
11018585
11018588
11018590
11018594
11018595
11018596
11018599
11018603
11018605
11018607
11018616
11018618
11018619
11018621
11018624
11018626
11018630
11018632
11018633
11018636
11018640
11018641
11018643
11018676
11018682
11018776
11018817
11018910
11019112
11019159
11019162
11019164
11019168
11019221
11019259
11019272
11019317
11019325
11019338
11019339
11019379
11019392
11019395
11019407
11019410
11019411
11019412
11019413
11019414
11019422
11019425
11019432
11019449
11019652
11019672
11019674
11019682
11019686
11019687
11019689
11019692
11019694
11019695
11019697
11019699
11019702
11019705
11019707
11019710
11019717
11019723
11019730
11019741
11019750
11019756
11019762
11019763
11019768
11019770
11019775
11019777
11019778
11019784
11019785
11019787
11019792
11019794
11019800
11019805
11019810
11019811
11019823
11019827
11019829
11019831
11019837
11019839
11019847
11019849
11019853
11019856
11019859
11019866
11019868
11019925
11019948
11020044
11020097
11020130
11020143
11020186
11020261
11020342
11020350
11020527
11020528
11020544
11020564
11020622
11020763
11020790
11020793
11020935
11020940
11020942
11020950
11020951
11020952
11020954
11020956
11020957
11020959
11020963
11020965
11020970
11020971
11020974
11020976
11020978
11020984
11020985
11020986
11020987
11020989
11020992
11020997
11021000
11021006
11021007
11021011
11021012
11021013
11021014
11021018
11021019
11021022
11021026
11021030
11021032
11021033
11021034
11021037
11021041
11021044
11021080
11022662
11022892
11023102
11023371
11023790
11024734
11024781
11025896
11026386
11026856
11029958
11030222
11030248
11030773
11030805
11030827
11030849
11030998
11031008
11031100
11031418
11031427
11031755
11031941
11031946
11032013
11032108
11032134
11032327
11032609
11032815
11032837
11032880
11033351
11033397
11033443
11033614
11033812
11033874
11033979
11034102
11034272
11034352
11034443
11034580
11034681
11034788
11034975
11035146
11035168
11035169
11035211
11035212
11035216
11035223
11035399
11035792
11035974
11036187
11036193
11036210
11036263
11036318
11036327
11036347
11036381
11036397
11036402
11036872
11036917
11037234
11037772
11037926
11038006
11038025
11038576
11039253
11039513
11039949
11039999
11040314
11040319
11040320
11040324
11040335
11040338
11040340
11040341
11040751
11040981
11040985
11040991
11040992
11040998
11040999
11041001
11041013
11041058
11041081
11041126
11041137
11041163
11041167
11042170
11042171
11042181
11042203
11042222
11042225
11042233
11042237
11042248
11042250
11042251
11042275
11042277
11042380
11042571
11042594
11042598
11042599
11042666
11042732
11043309
11043332
11043529
11043782
11043837
11043882
11044098
11044174
11044203
11044211
11044213
11044214
11044216
11044218
11044221
11044229
11044461
11045024
11045073
11045434
11045552
11045600
11045602
11045657
11045668
11045669
11045682
11045698
11045707
11045767
11045776
11046004
11046204
11046552
11046602
11046605
11046623
11046639
11046645
11046653
11046656
11046667
11046675
11046969
11046995
11047557
11047774
11048304
11048308
11048458
11048519
11048603
11048692
11048892
11049052
11049088
11049093
11049127
11049128
11049440
11049497
11049565
11049653
11049997
11050076
11050128
11050152
11050159
11050168
11050184
11050205
11050218
11050250
11050264
11050284
11050298
11050301
11050304
11050321
11050346
11050371
11050373
11050379
11050410
11050412
11050413
11050421
11050425
11050436
11050469
11050482
11050522
11050525
11050562
11050569
11050571
11050594
11050600
11050617
11050618
11050630
11050651
11050658
11050703
11050712
11050729
11050735
11050777
11051051
11051061
11051120
11051157
11051192
11051202
11051220
11051221
11051316
11051768
11051783
11051793
11051804
11052243
11052442
11052458
11052479
11052490
11052501
11052502
11052513
11052597
11052612
11052642
11052648
11052691
11053474
11053560
11053621
11053623
11054506
11054551
11054567
11054671
11054690
11054823
11054903
11054943
11054984
11055139
11055156
11055220
11055280
11055297
11055299
11055345
11055349
11055356
11055390
11055412
11055467
11055881
11055964
11055972
11056002
11056006
11056020
11056045
11056063
11056094
11056111
11056115
11056124
11056153
11056459
11056688
11056696
11056764
11056776
11056781
11056804
11056838
11056858
11056870
11057068
11057263
11057281
11057575
11057583
11057602
11057604
11057621
11057626
11057686
11057687
11057725
11057728
11057747
11058182
11058216
11058221
11058280
11058353
11058434
11058453
11058467
11058537
11058889
11058904
11058977
11059051
11059128
11059151
11059153
11059191
11059250
11059596
11059879
11059916
11059965
11060024
11060034
11060070
11060077
11060089
11060424
11060755
11060902
11060908
11060922
11060927
11061020
11061034
11061046
11061047
11061054
11061075
11061085
11061091
11061094
11061205
11061210
11061225
11061281
11061310
11061337
11061354
11061362
11061407
11061421
11061425
11061755
11061758
11061770
11061779
11061783
11061787
11061796
11061823
11061833
11061862
11061888
11061915
11061917
11062247
11062270
11062361
11062452
11062474
11062504
11063128
11063129
11063149
11063181
11063185
11063210
11063215
11063229
11063238
11063240
11063245
11063253
11063255
11063385
11063535
11063557
11063830
11063831
11063917
11063920
11063984
11064001
11064004
11064012
11064019
11064023
11064024
11064027
11064030
11064038
11064056
11064060
11064070
11064071
11064081
11064718
11064780
11064805
11064808
11064816
11065108
11065134
11065414
11065448
11065462
11065463
11065465
11065471
11065483
11065491
11065493
11065495
11065506
11065522
11066231
11066427
11066459
11066463
11066477
11066497
11066527
11066541
11066545
11066729
11066777
11066787
11066792
11066890
11067024
11067055
11067173
11067352
11067356
11067415
11067518
11067530
11067732
11067733
11067742
11067747
11067748
11067804
11067809
11067825
11067835
11068101
11068525
11068660
11068688
11068798
11068863
11068887
11068905
11068934
11068940
11068942
11068972
11068974
11069005
11069009
11069096
11069100
11069108
11069110
11069156
11069198
11069291
11069700
11069714
11069759
11069762
11069785
11069950
11069998
11070058
11070059
11070143
11070166
11070193
11070200
11070208
11070297
11070308
11070321
11070327
11070329
11070337
11070339
11070343
11070345
11070350
11070358
11070359
11070361
11070366
11070373
11070391
11070400
11070558
11070559
11070572
11070585
11070612
11070670
11070678
11070684
11070697
11070727
11070728
11070762
11070768
11070783
11070784
11070796
11070830
11070836
11070839
11070886
11070897
11070925
11070926
11070927
11070933
11070955
11070984
11071032
11071056
11071074
11071101
11071102
11071112
11071115
11071116
11071146
11071164
11071175
11071192
11071198
11071199
11071204
11071235
11071244
11071250
11071258
11071275
11071277
11071293
11071296
11071321
11071332
11071341
11071349
11071368
11071374
11071377
11071408
11071443
11071459
11071480
11071483
11071519
11071520
11071528
11071594
11071643
11071690
11071740
11071742
11071778
11071806
11071820
11071843
11071851
11071861
11071876
11071889
11071896
11071940
11071941
11071943
11071944
11071945
11071953
11071955
11071957
11071960
11071961
11071963
11071966
11071974
11071989
11071991
11072000
11072001
11072016
11072026
11072031
11072034
11072037
11072041
11072055
11072058
11072060
11072064
11072066
11072067
11072071
11072074
11072081
11072084
11072086
11072088
11072096
11072100
11072101
11072105
11072109
11072111
11072113
11072118
11072120
11072122
11072124
11072126
11072127
11072273
11072534
11072700
11072804
11072806
11072841
11072853
11072959
11072965
11072967
11072970
11072971
11072972
11072973
11072975
11072979
11072989
11073000
11073003
11073005
11073015
11073017
11073019
11073023
11073025
11073029
11073034
11073037
11073040
11073043
11073060
11073083
11073087
11073088
11073105
11073110
11073112
11073115
11073271
11073358
11073376
11073523
11073542
11073623
11073626
11073753
11073883
11073962
11074023
11074038
11074039
11074041
11074048
11074049
11074057
11074060
11074061
11074078
11074081
11074088
11074095
11074098
11074100
11074112
11074117
11074120
11074121
11074125
11074134
11074143
11074157
11074164
11074171
11074182
11074186
11074197
11074231
11074303
11074495
11074518
11074520
11074523
11074524
11074528
11074533
11074535
11074537
11074539
11074541
11074547
11074548
11074549
11074553
11074557
11074561
11074569
11074570
11074571
11074575
11074579
11074584
11074591
11074593
11074595
11074596
11074597
11074598
11074605
11074607
11074611
11074615
11074622
11074625
11074630
11074653
11074662
11074668
11074671
11074673
11074689
11074690
11074692
11074694
11074697
11074699
11074723
11074754
11074770
11074786
11074803
11074818
11074833
11074838
11074841
11074845
11074890
11075026
11075119
11075122
11075126
11075130
11075133
11075154
11075197
11075200
11075204
11075205
11075211
11075212
11075217
11075219
11075223
11075224
11075226
11075230
11075233
11075234
11075242
11075248
11075271
11075282
11075293
11075294
11075305
11075316
11075322
11075324
11075325
11075329
11075333
11075336
11075337
11075338
11075345
11075349
11075352
11075353
11075357
11075359
11075360
11075361
11075362
11075364
11075369
11075370
11075374
11075376
11075380
11075456
11075500
11075521
11075603
11075632
11075644
11075646
11075761
11075765
11075767
11075772
11075777
11075778
11075780
11075786
11075792
11075793
11075801
11075805
11075817
11075819
11075821
11075824
11075825
11075829
11075834
11075835
11075839
11075842
11075853
11075854
11075858
11075861
11075870
11075873
11075874
11075877
11075884
11075886
11075891
11075892
11075893
11075898
11075900
11075901
11075905
11075906
11075908
11075910
11075920
11076012
11076178
11076183
11076186
11076192
11076198
11076205
11076213
11076217
11076220
11076223
11076225
11076228
11076235
11076242
11076244
11076251
11076253
11076254
11076259
11076263
11076272
11076295
11076302
11076304
11076306
11076340
11076344
11076350
11076512
11076564
11076643
11076651
11076654
11076669
11076677
11076705
11076743
11076749
11076762
11076765
11076770
11076787
11076800
11076806
11076814
11076819
11076975
11076976
11076978
11076980
11077209
11077225
11077230
11077235
11077244
11077248
11077256
11077262
11077277
11077291
11077300
11077304
11077305
11077316
11077337
11077346
11077353
11077356
11077361
11077363
11077443
11077641
11077745
11077746
11077750
11077756
11077774
11077775
11077785
11077788
11077791
11077812
11077846
11077868
11078194
11078259
11078273
11078278
11078420
11078673
11078679
11078683
11078698
11078714
11078719
11078728
11078733
11078802
11078820
11078840
11078849
11078850
11079429
11079438
11079513
11079596
11079602
11079654
11080301
11080320
11080331
11080865
11080942
11080976
11080990
11081007
11081009
11081016
11081017
11081025
11081028
11081050
11081052
11081139
11081140
11081144
11081272
11081273
11081274
11081615
11081618
11081624
11081625
11081630
11081631
11081632
11081633
11081640
11081646
11081650
11081657
11081663
11081669
11081679
11081687
11081691
11081692
11081693
11081703
11081707
11081713
11081714
11081720
11081723
11081724
11081726
11081732
11081744
11081751
11081754
11081766
11081767
11081768
11081769
11081778
11081782
11081784
11081785
11081786
11081787
11081803
11081817
11081820
11081912
11081934
11082099
11082187
11082200
11082201
11082207
11082208
11082209
11082210
11082224
11082225
11082228
11082245
11082246
11082256
11082266
11082270
11082273
11082278
11082281
11082282
11082284
11082290
11082293
11082296
11082300
11082302
11082303
11082304
11082306
11082311
11082313
11082314
11082317
11082321
11082337
11082339
11082341
11082342
11082355
11082362
11082363
11082372
11082378
11082381
11082387
11082389
11082399
11082411
11082413
11082419
11082420
11082428
11082429
11082442
11082443
11082444
11082446
11082447
11082448
11082468
11082471
11082481
11082487
11082494
11082496
11082497
11082498
11082499
11082503
11082510
11082521
11082529
11082532
11082534
11082621
11082643
11082644
11082680
11082693
11082877
11082878
11082922
11082979
11082983
11082984
11082993
11083000
11083004
11083005
11083006
11083022
11083027
11083046
11083099
11083127
11083141
11083142
11083162
11083168
11083170
11083554
11083558
11083561
11083573
11083580
11083582
11083586
11083588
11083609
11083621
11083636
11083641
11083646
11083648
11083658
11083662
11083678
11083682
11083688
11083692
11083694
11083701
11083702
11083703
11083705
11083707
11083708
11083710
11083711
11083717
11083719
11083721
11083729
11083732
11083734
11083736
11083737
11083742
11083743
11083746
11083751
11083756
11083758
11083764
11083771
11083773
11083774
11083778
11083780
11083781
11083782
11083783
11083822
11083876
11083920
11083944
11084092
11084142
11084285
11084295
11084304
11084305
11084306
11084310
11084359
11084365
11084366
11084367
11084387
11084392
11084393
11084397
11084399
11084402
11084403
11084404
11084405
11084409
11084410
11084412
11084413
11084416
11084418
11084419
11084422
11084424
11084425
11084430
11084432
11084434
11084435
11084437
11084442
11084450
11084451
11084459
11084460
11084467
11084471
11084474
11084476
11084477
11084482
11084490
11084492
11084493
11084497
11084506
11084508
11084510
11084514
11084520
11084524
11084528
11084532
11084533
11084535
11084538
11084539
11084543
11084545
11084548
11084550
11084554
11084555
11084559
11084560
11084561
11084562
11084563
11084572
11084576
11084619
11084641
11084675
11084736
11084745
11084773
11084860
11084939
11084999
11085039
11085054
11085059
11085067
11085069
11085073
11085077
11085078
11085082
11085086
11085088
11085090
11085091
11085094
11085097
11085103
11085104
11085105
11085106
11085107
11085108
11085113
11085118
11085123
11085125
11085126
11085140
11085142
11085144
11085147
11085149
11085150
11085153
11085156
11085157
11085158
11085160
11085162
11085165
11085167
11085169
11085171
11085172
11085175
11085176
11085179
11085181
11085182
11085188
11085189
11085190
11085195
11085197
11085202
11085203
11085204
11085206
11085210
11085212
11085213
11085219
11085222
11085224
11085226
11085228
11085237
11085241
11085245
11085251
11085254
11085255
11085260
11085264
11085273
11085274
11085284
11085286
11085288
11085289
11085290
11085291
11085294
11085295
11085299
11085302
11085341
11085342
11085355
11085461
11085462
11085463
11085464
11085501
11085509
11085565
11085600
11085626
11085659
11085774
11085783
11085907
11085911
11085918
11085934
11085936
11085960
11085969
11085977
11085987
11085994
11085998
11086000
11086005
11086007
11086008
11086012
11086013
11086019
11086039
11086045
11086048
11086051
11086061
11086070
11086071
11086073
11086077
11086086
11086099
11086103
11086139
11086144
11086161
11086177
11086184
11086573
11086575
11086597
11086607
11086615
11086617
11086636
11086641
11086648
11086652
11086658
11086661
11086662
11086670
11086672
11086673
11086676
11086682
11086687
11086690
11086695
11086706
11086709
11086720
11086732
11086747
11086754
11086757
11086758
11086763
11086767
11086770
11086774
11086775
11086779
11086789
11086800
11086802
11086803
11086816
11086824
11086829
11086836
11086840
11086851
11086857
11086864
11086867
11087333
11087384
11087455
11087461
11087462
11087464
11087473
11087480
11087499
11087516
11087520
11087523
11087540
11087546
11087570
11087589
11087593
11087600
11087601
11087607
11087609
11087614
11087615
11087621
11087623
11087625
11087640
11087647
11087651
11087652
11087664
11087672
11087675
11087676
11087680
11087694
11087699
11087702
11087713
11087716
11087744
11087941
11088079
11088123
11088128
11088136
11088145
11088164
11088176
11088194
11088198
11088219
11088223
11088229
11088232
11088235
11088237
11088240
11088243
11088251
11088253
11088266
11088271
11088283
11088287
11088290
11088301
11088306
11088307
11088460
11088462
11088495
11088540
11088556
11088573
11088586
11088739
11088753
11088759
11088764
11088765
11088771
11088780
11088792
11088839
11088841
11088844
11088850
11088863
11088884
11088895
11088901
11088923
11089223
11089290
11089292
11089294
11089303
11089312
11089317
11089320
11089322
11089341
11089344
11089345
11089349
11089352
11089354
11089357
11089361
11089362
11089366
11089367
11089370
11089375
11089379
11089385
11089389
11089392
11089395
11089397
11089401
11089403
11089404
11089406
11089409
11089410
11089413
11089418
11089423
11089425
11089431
11089433
11089434
11089437
11089450
11089453
11089462
11089465
11089466
11089475
11089478
11089491
11089498
11089504
11089511
11089512
11089550
11089563
11089598
11089738
11089849
11090148
11090168
11090212
11090310
11090339
11090346
11090356
11090357
11090367
11090371
11090394
11090429
11090433
11090438
11090531
11090543
11090544
11090551
11090638
11090818
11090890
11090927
11091068
11091072
11091116
11091232
11091426
11091484
11091486
11091528
11091550
11091571
11091583
11091609
11091629
11091632
11091664
11091869
11092041
11092105
11092151
11092154
11092156
11092158
11092161
11092163
11092164
11092165
11092170
11092175
11092181
11092189
11092192
11092219
11092227
11092276
11092456
11092516
11092680
11092683
11092693
11092697
11092703
11092710
11092718
11092720
11092732
11092740
11092784
11092828
11092837
11092865
11092871
11092880
11092911
11092919
11093150
11093226
11093228
11093229
11093360
11093385
11093403
11093422
11093489
11093913
11093939
11093947
11094047
11094056
11094113
11094735
11094749
11094863
11094864
11094867
11094868
11094869
11094870
11094893
11094905
11094970
11095316
11095443
11095559
11095629
11095718
11095746
11095794
11095802
11095844
11095850
11095854
11095869
11095874
11095887
11095902
11095962
11096015
11096055
11096067
11096071
11096073
11096076
11096078
11096079
11096081
11096082
11096086
11096089
11096091
11096092
11096096
11096111
11096159
11096160
11096161
11096170
11096242
11096255
11096292
11096293
11096309
11096343
11096350
11096366
11096377
11096443
11096492
11096494
11096673
11096703
11096706
11096935
11097177
11097193
11097213
11097227
11097258
11097278
11097284
11097360
11097388
11097641
11097671
11097672
11097675
11097756
11098169
11098412
11098488
11098493
11098523
11098525
11098532
11098550
11098566
11098622
11098646
11098668
11098671
11098680
11098690
11098692
11098703
11098731
11098733
11098738
11098750
11098984
11099134
11099723
11099747
11099749
11099752
11099754
11099755
11099757
11099759
11099763
11099764
11099765
11099767
11099768
11099771
11099773
11099778
11099780
11099781
11099785
11099790
11099795
11099799
11099801
11099802
11099807
11099810
11099815
11099818
11099819
11099825
11099826
11099828
11099829
11099831
11099832
11099834
11099839
11099842
11099848
11099859
11099861
11099864
11099866
11099870
11099874
11099876
11099880
11099882
11099884
11099893
11099901
11099907
11099910
11099916
11099925
11099929
11099930
11099937
11099950
11099952
11099956
11099966
11099977
11100206
11100248
11100274
11100347
11100366
11100370
11100415
11100437
11100524
11100529
11100545
11100563
11100623
11100651
11100749
11100801
11100882
11101000
11101017
11101062
11101070
11101100
11101101
11101110
11101114
11101119
11101121
11101122
11101126
11101128
11101129
11101133
11101136
11101137
11101142
11101240
11101243
11101256
11101259
11101266
11101287
11101312
11101332
11101341
11101345
11101360
11101372
11101416
11101552
11101906
11101927
11102074
11102145
11102148
11102171
11102176
11102278
11102461
11102546
11102685
11102786
11102831
11103092
11103123
11103129
11103133
11103160
11103173
11103180
11103193
11103207
11103233
11103258
11103260
11103270
11103314
11103349
11103475
11103860
11103986
11104757
11105021
11105695
11105780
11105783
11105790
11105799
11105800
11105806
11105808
11105817
11105833
11105861
11105933
11105943
11105945
11105946
11105947
11105981
11106000
11106001
11106022
11106940
11107743
11107791
11108602
11109389
11109390
11109391
11109398
11109437
11109479
11109490
11109494
11109495
11109500
11109501
11109506
11109510
11109538
11109541
11109553
11109557
11109593
11109698
11109993
11110208
11110286
11110354
11110367
11110425
11110430
11110449
11110454
11110461
11110466
11110467
11110473
11110494
11110499
11110680
11110846
11111207
11111258
11111265
11111304
11111316
11111323
11111333
11111336
11111396
11111414
11111420
11111425
11111441
11111445
11111516
11111740
11112102
11112103
11112300
11112314
11112322
11112356
11112370
11112395
11112396
11112400
11112416
11112438
11112445
11112463
11112491
11112495
11112507
11112512
11112515
11112516
11112518
11112520
11112531
11112536
11112544
11112549
11112553
11112601
11112627
11112719
11112804
11112891
11112977
11113044
11113066
11113132
11113135
11113409
11113411
11113633
11113707
11113764
11113795
11113820
11113824
11113826
11113827
11113836
11113854
11113855
11113858
11113868
11113887
11113895
11113899
11113901
11113906
11113920
11113933
11113947
11113953
11114002
11114240
11114301
11114329
11114550
11114762
11114955
11115022
11115375
11115412
11115615
11115638
11115645
11115646
11115665
11115689
11115693
11115694
11115697
11115700
11115705
11115712
11115717
11115723
11115725
11115726
11115727
11115742
11115758
11115828
11115860
11115866
11115874
11116097
11116104
11116178
11116232
11116267
11116298
11116318
11116371
11116372
11116373
11116406
11116466
11116468
11116469
11116509
11116530
11116533
11116549
11116605
11116609
11116625
11116738
11116746
11116759
11116760
11116761
11116762
11116763
11116764
11116765
11116834
11116836
11116915
11116969
11116984
11116996
11117012
11117017
11117029
11117037
11117048
11117070
11117119
11117122
11117148
11117172
11117739
11117801
11117847
11117923
11118001
11118075
11118151
11118431
11118435
11118480
11118588
11118612
11118652
11118667
11118691
11118954
11118994
11118996
11119009
11119242
11119267
11119271
11119881
11120200
11120526
11120596
11120644
11120828
11120856
11120859
11120870
11120899
11120910
11120913
11120926
11120957
11120962
11120967
11120989
11121012
11121014
11121016
11121018
11121036
11121040
11121053
11121105
11121267
11121367
11121422
11121774
11121777
11121821
11121864
11121944
11121946
11121947
11121950
11121951
11121952
11121953
11121957
11121961
11122210
11122222
11122223
11122225
11122231
11122234
11122235
11122236
11122237
11122239
11122240
11122242
11122249
11122252
11122254
11122259
11122260
11122266
11122267
11122270
11122272
11122274
11122278
11122288
11122308
11122309
11122332
11122335
11122337
11122352
11122357
11122358
11122870
11123025
11123092
11123102
11123108
11123115
11123128
11123130
11123141
11123220
11123251
11123271
11123321
11123379
11123390
11123396
11123462
11123501
11123889
11123892
11123897
11123907
11123909
11123916
11123918
11123998
11124000
11124014
11124016
11124022
11124053
11124120
11124124
11124125
11124127
11124142
11124198
11124219
11124239
11124258
11124545
11124592
11124598
11124659
11124675
11124774
11124784
11124795
11124835
11124836
11124846
11124857
11124861
11124873
11124888
11124895
11124914
11124922
11124927
11124928
11124929
11124932
11124934
11125749
11125755
11125759
11125768
11125789
11125792
11125798
11125799
11125834
11125846
11125881
11125900
11125915
11125934
11125942
11125944
11126009
11126033
11126043
11126077
11126175
11126362
11126533
11126548
11126564
11126631
11126657
11126675
11126676
11126754
11126758
11126769
11126771
11126820
11126824
11126825
11126826
11126829
11126834
11126860
11127169
11127262
11127270
11127375
11127377
11127382
11127392
11127432
11127434
11127435
11127436
11127438
11127439
11127441
11127442
11127445
11127448
11127449
11127451
11127456
11127459
11127461
11127470
11127471
11127472
11127474
11127475
11127477
11127478
11127479
11127480
11127481
11127483
11127488
11127490
11127491
11127492
11127495
11127497
11127516
11127531
11127553
11127632
11127634
11127637
11127638
11127642
11127645
11127648
11127651
11127656
11127657
11127668
11127671
11127680
11127705
11127750
11127762
11127828
11128549
11128578
11128589
11128600
11128612
11128668
11128701
11128731
11128748
11128751
11128753
11128759
11128760
11128763
11128766
11128769
11128773
11128775
11128776
11128778
11128782
11128788
11128789
11128799
11128801
11128802
11129180
11129474
11129619
11129655
11129687
11129723
11129752
11129753
11129755
11129787
11129805
11129810
11129830
11129835
11129836
11129842
11129844
11129862
11129875
11129880
11129881
11129885
11129890
11129893
11129910
11129918
11129928
11130232
11130416
11130519
11130980
11131005
11131088
11131198
11131201
11131240
11131269
11131275
11131296
11131375
11131553
11131705
11131727
11131813
11131910
11131925
11132171
11132411
11132427
11132472
11132731
11132791
11132795
11132809
11132816
11132819
11132821
11132824
11132825
11132834
11132841
11132847
11132856
11132860
11132894
11132950
11132960
11133009
11133069
11133130
11133291
11133434
11133588
11133712
11133784
11133794
11133815
11133820
11133842
11133883
11133920
11133974
11134035
11134064
11134070
11134080
11134120
11134129
11134140
11134165
11134169
11134180
11134191
11134195
11134196
11134230
11134236
11134291
11134414
11134516
11134543
11134544
11134545
11134549
11134553
11134580
11134603
11134604
11134606
11134651
11134683
11134692
11134696
11134709
11134721
11134725
11134729
11134731
11134748
11134750
11134761
11134859
11134870
11134878
11134904
11134988
11135033
11135083
11135084
11135088
11135134
11135177
11135234
11135237
11135293
11135297
11135305
11135347
11135350
11135377
11135415
11135443
11135499
11135508
11135518
11135542
11135544
11135555
11135565
11135591
11135596
11135603
11135622
11135883
11135892
11135969
11136121
11136148
11136248
11136251
11136272
11136273
11136280
11136382
11136386
11136444
11136455
11136537
11136554
11136843
11136844
11136852
11136891
11136894
11136899
11136908
11136922
11136979
11137021
11137028
11137059
11137060
11137064
11137076
11137078
11137079
11137081
11137089
11137100
11137103
11137111
11137126
11137128
11137216
11137268
11137316
11137326
11137367
11137445
11137555
11137559
11137566
11137573
11137581
11137588
11137590
11137615
11137727
11137765
11137767
11137877
11138404
11138412
11138424
11138439
11138453
11138579
11138605
11138609
11138612
11138643
11138651
11138668
11138684
11138699
11138703
11138718
11138724
11138737
11138780
11138868
11139167
11139464
11139467
11139469
11139471
11139474
11139486
11139515
11139529
11139560
11139574
11139583
11139588
11139600
11139603
11139624
11139628
11139630
11139633
11139634
11139997
11140153
11140277
11140293
11140299
11140314
11140319
11140328
11140340
11140349
11140369
11140381
11140384
11140388
11140435
11140452
11140534
11140539
11140545
11140546
11140547
11140548
11140549
11140754
11140755
11140812
11140818
11140883
11140887
11140888
11140891
11140892
11140893
11140894
11140907
11140958
11140960
11140976
11140997
11140998
11141005
11141012
11141014
11141016
11141018
11141021
11141024
11141026
11141030
11141031
11141036
11141038
11141041
11141045
11141053
11141054
11141057
11141058
11141059
11141061
11141062
11141082
11141094
11141116
11141164
11141187
11141199
11141256
11141261
11141609
11141613
11141700
11141913
11142012
11142380
11142430
11142460
11142463
11142485
11142502
11142506
11142559
11142579
11142632
11142658
11142870
11142963
11142968
11142971
11142982
11143035
11143072
11143078
11143086
11143096
11143113
11143163
11143164
11143165
11143192
11143193
11143197
11143282
11143298
11143463
11143622
11143640
11143730
11143738
11143764
11143767
11143788
11143819
11143901
11143907
11143908
11144328
11144345
11144349
11144373
11144375
11144391
11144405
11144409
11144414
11144419
11144438
11144457
11144507
11144515
11144516
11144555
11144560
11144586
11144671
11144682
11144838
11144858
11144863
11144932
11144937
11144941
11144943
11144951
11144957
11144985
11145031
11145115
11145135
11145147
11145165
11145189
11145211
11145245
11145247
11145248
11145252
11145408
11145658
11145742
11145748
11145775
11145790
11145944
11146333
11146334
11146339
11146345
11146354
11146359
11146363
11146400
11146405
11146407
11146411
11146412
11146413
11146416
11146422
11146426
11146427
11146429
11146432
11146434
11146437
11146439
11146442
11146445
11146449
11146450
11146453
11146455
11146661
11146665
11146732
11146763
11146779
11146781
11146864
11146898
11158573
11158583
11158629
11158678
11158694
11158721
11158741
11158756
11158783
11158803
11158811
11158814
11158840
11158853
11158866
11158874
11158892
11158904
11158916
11158971
11159144
11159383
11159397
11159402
11159408
11159414
11159416
11159418
11159421
11159423
11159428
11159435
11159437
11159445
11159452
11159459
11159461
11159467
11159475
11159479
11159491
11159492
11159494
11159496
11159504
11159516
11159611
11159732
11160467
11160476
11160487
11160492
11160522
11160582
11160592
11160598
11160602
11160606
11160608
11160609
11160610
11160637
11160659
11160660
11160675
11160755
11160767
11160787
11160792
11160805
11160807
11160816
11160822
11160885
11161034
11161080
11161082
11161100
11161146
11161160
11161161
11161163
11161174
11161175
11161310
11161386
11161485
11161512
11161520
11161522
11161524
11161554
11161611
11161883
11162010
11162070
11162080
11162253
11162264
11162290
11162319
11162320
11162326
11162356
11162379
11162385
11162450
11162464
11162505
11162516
11162590
11163036
11163146
11163196
11163207
11163214
11163223
11163258
11163261
11163268
11163274
11163280
11163287
11163290
11163319
11163364
11163375
11163395
11163449
11163474
11163476
11163489
11163494
11163508
11163532
11163533
11163556
11163641
11163703
11163836
11163855
11163927
11163955
11163958
11164271
11164280
11164579
11164588
11164598
11164609
11164629
11164669
11164680
11164693
11164767
11164816
11165071
11165584
11165598
11165909
11165929
11165943
11166096
11166100
11166200
11166225
11166273
11166308
11166335
11166339
11166363
11166376
11166384
11166393
11166430
11166445
11166458
11166490
11166498
11166501
11166502
11166510
11166512
11166516
11166519
11166521
11166522
11166546
11166549
11166550
11166568
11166580
11166587
11166601
11166602
11166638
11166640
11166653
11166668
11166681
11166684
11166698
11167001
11167076
11167098
11167184
11167302
11167323
11167502
11167507
11167544
11167551
11167595
11167604
11167607
11167618
11167647
11167674
11167675
11167699
11167705
11167708
11167742
11167785
11167830
11167853
11167936
11168012
11168724
11168730
11168735
11168737
11168799
11168802
11168857
11168872
11168884
11168907
11168911
11168920
11168923
11168926
11168950
11168973
11169019
11169020
11169027
11169031
11169034
11169038
11169043
11169048
11169049
11169051
11169087
11169696
11169730
11169744
11169751
11169756
11169771
11169826
11169829
11169835
11169852
11169869
11169875
11169881
11169913
11169933
11169935
11169958
11170241
11170245
11170246
11170248
11170435
11170473
11170495
11170497
11170500
11170503
11170513
11170586
11170606
11170620
11170638
11170660
11170682
11170684
11170713
11170725
11170727
11170737
11170748
11170758
11171150
11171289
11171366
11171367
11171378
11171389
11171390
11171393
11171397
11171401
11171403
11171435
11171440
11171473
11171489
11171498
11171503
11171513
11171537
11171538
11171568
11171570
11171575
11171578
11171580
11171583
11171587
11171596
11171599
11171604
11171605
11171631
11171635
11171636
11171637
11171639
11171640
11171641
11171644
11171652
11171653
11171658
11171667
11171669
11171670
11171672
11171674
11171675
11171677
11171681
11171683
11171685
11171687
11171688
11171694
11171697
11171704
11171717
11171730
11171746
11171756
11171765
11171771
11171778
11171782
11171791
11171842
11172191
11172194
11172195
11172197
11172290
11172298
11172388
11172389
11172474
11172515
11172517
11172521
11172523
11172524
11172531
11172540
11172546
11172552
11172556
11172557
11172560
11172561
11172567
11172568
11172570
11172571
11172574
11172576
11172583
11172586
11172588
11172594
11172606
11172607
11172615
11172622
11172651
11172652
11172670
11172673
11172825
11173013
11173036
11173039
11173429
11173432
11173563
11173580
11173588
11173590
11173602
11173614
11173617
11173665
11173722
11173748
11173754
11173761
11173809
11173887
11174201
11174213
11174286
11174293
11174315
11174324
11174331
11174373
11174384
11174473
11174483
11174496
11174528
11174538
11175227
11175252
11175264
11175281
11175287
11175289
11175297
11175299
11175304
11175320
11175332
11175352
11175356
11175388
11175399
11175420
11175454
11175513
11175529
11175531
11175535
11175728
11175843
11175854
11175945
11175959
11175960
11175964
11175968
11175974
11176011
11176036
11176101
11176105
11176152
11176180
11176202
11176204
11176207
11176221
11176249
11176306
11176339
11176346
11176354
11176703
11176795
11176819
11176886
11176889
11176912
11176914
11177003
11177006
11177606
11177628
11177691
11177718
11177727
11177742
11177751
11177772
11177774
11177779
11177783
11177785
11177811
11177821
11177826
11177855
11177884
11177902
11177923
11177940
11177966
11178012
11178031
11178103
11178106
11178296
11178333
11178334
11178341
11178348
11178350
11178388
11178389
11178390
11178391
11178392
11178400
11178402
11178403
11178404
11178405
11178408
11178411
11178413
11178416
11178417
11178419
11178420
11178421
11178475
11178480
11178513
11178517
11178598
11178626
11178743
11179110
11179126
11179174
11179194
11179204
11179284
11179328
11179338
11179376
11179387
11179401
11179407
11179467
11179489
11179497
11179710
11179749
11180084
11180125
11180149
11180152
11180161
11180163
11180195
11180208
11180209
11180218
11180221
11180245
11180254
11180255
11180261
11180266
11180267
11180268
11180269
11180273
11180280
11180283
11180284
11180301
11180310
11180334
11180347
11180426
11180430
11180446
11180452
11180480
11180497
11180961
11181033
11181167
11181173
11181183
11181230
11181245
11181249
11181251
11181255
11181283
11181303
11181522
11181529
11181530
11181536
11181600
11181608
11181632
11181637
11181648
11181659
11181802
11181827
11181969
11182454
11182464
11182474
11182484
11182510
11182521
11182529
11182532
11182535
11182536
11182537
11182542
11182549
11182559
11182562
11182565
11182572
11182576
11182577
11182582
11182585
11182588
11182589
11182593
11182598
11182604
11182612
11182632
11182633
11182650
11182666
11182668
11182714
11182735
11182749
11184222
11184237
11184256
11184258
11184302
11184308
11184310
11184317
11184319
11184338
11184343
11184347
11184372
11184382
11184384
11184385
11184416
11184422
11184423
11184483
11184515
11184521
11185589
11186789
11186995
11186997
11187012
11187029
11187118
11187145
11187149
11187182
11187202
11187220
11187230
11187257
11187267
11187559
11188961
11188965
11188976
11189593
11189649
11189661
11189727
11189774
11189815
11189943
11190035
11190064
11190140
11190141
11190171
11190214
11190261
11190297
11190335
11190359
11190362
11190363
11190384
11190478
11190511
11190514
11190515
11190598
11190635
11190638
11190641
11190689
11190785
11190786
11190807
11190808
11190824
11190836
11190838
11190840
11190842
11190862
11190868
11190870
11190883
11190884
11190887
11190890
11190891
11190892
11190902
11190911
11190917
11190920
11190925
11190942
11190943
11190944
11190953
11190954
11190965
11190969
11190970
11190975
11190981
11190995
11191222
11191364
11191367
11191370
11191415
11191416
11191429
11191449
11191450
11191455
11191456
11191463
11191474
11191481
11191483
11191486
11191487
11191488
11191490
11191499
11191504
11191508
11191509
11191529
11191531
11191534
11191537
11191538
11191542
11191548
11191549
11191555
11191557
11191564
11191575
11191585
11191595
11191598
11191600
11191610
11191611
11191615
11191622
11191623
11191625
11191698
11192210
11192212
11192216
11192218
11192219
11192227
11192228
11192236
11192251
11192259
11192261
11192268
11192269
11192273
11192274
11192276
11192282
11192283
11192290
11192298
11192301
11192302
11192307
11192308
11192312
11192317
11192324
11192349
11192350
11192354
11192358
11192361
11192362
11192363
11192369
11192370
11192372
11192374
11192377
11192476
11192695
11192753
11192762
11192768
11192771
11192785
11192790
11192795
11192828
11192845
11192875
11192904
11192935
11193007
11193054
11193152
11193212
11193215
11193266
11193268
11193285
11193294
11193478
11193489
11193512
11193522
11193528
11193637
11193732
11193799
11193837
11193851
11193872
11193882
11194001
11194274
11194293
11194422
11194427
11194429
11194433
11194440
11194442
11194451
11194503
11194996
11195020
11195166
11195232
11195574
11195590
11195596
11195608
11195624
11195650
11195665
11195679
11195720
11195727
11195833
11195963
11196050
11196063
11196067
11196078
11196758
11197096
11197279
11197323
11197329
11197341
11197344
11197348
11197349
11197350
11197354
11197363
11197364
11197365
11197510
11197571
11197576
11197578
11197581
11197594
11197616
11198101
11198312
11198453
11198464
11198552
11198687
11198692
11199126
11199138
11199777
11199947
11200024
11200028
11200059
11200151
11200152
11200187
11200305
11200505
11200617
11200698
11201087
11201775
11201838
11201944
11201947
11201948
11201949
11201950
11202007
11202045
11202057
11202145
11202238
11202295
11202452
11202529
11202596
11202601
11202608
11202670
11202729
11202889
11203077
11203142
11203258
11203502
11203673
11204058
11204174
11204203
11204690
11205286
11205623
11205853
11206031
11206377
11206478
11206492
11206744
11206779
11207973
11208013
11208112
11208172
11208661
11208751
11208837
11208958
11209289
11209374
11209396
11209623
11209928
11209996
11210150
11210161
11210258
11210270
11210365
11210464
11210609
11210724
11210731
11210757
11210788
11210793
11210835
11210854
11210855
11210857
11210860
11210892
11210917
11210925
11211035
11211073
11211151
11211173
11211174
11211175
11211178
11211179
11211193
11211222
11211271
11211292
11211314
11211359
11211362
11211454
11211675
11211759
11211877
11212005
11212153
11212154
11212188
11212207
11212310
11212453
11212528
11212719
11212845
11213214
11213260
11213309
11213420
11213421
11213422
11213425
11213597
11213612
11213727
11213783
11213784
11213785
11213786
11213807
11214236
11214243
11214285
11215160
11215264
11215323
11215419
11215464
11215485
11215510
11215671
11215732
11216431
11216537
11216566
11216684
11216722
11217421
11217800
11218671
11219024
11219076
11219080
11219126
11219133
11219173
11219266
11219281
11219324
11219327
11219346
11219370
11219384
11219385
11219412
11219474
11219523
11219578
11219620
11219622
11219664
11219904
11220851
11221398
11221427
11222139
11222209
11223236
11223966
11223969
11224146
11224468
11224860
11225177
11225225
11225355
11225435
11225449
11225508
11225531
11225551
11225575
11225625
11225630
11225642
11225936
11226113
11226313
11226346
11226523
11226536
11226660
11226693
11226868
11226936
11227031
11227096
11227262
11227403
11227644
11227943
11228068
11228093
11228099
11228134
11228721
11228755
11228856
11228962
11229006
11229009
11229026
11229094
11229139
11229176
11229211
11229313
11229397
11229418
11229448
11229528
11229666
11229700
11229812
11229884
11229904
11229962
11229969
11230021
11230036
11230040
11230042
11230066
11230084
11230128
11230160
11230181
11230276
11230309
11230323
11230327
11230360
11230381
11230383
11230393
11230396
11230425
11230460
11230465
11230469
11230474
11230532
11230539
11230542
11230557
11230606
11230617
11230655
11230668
11230673
11230689
11230707
11230767
11230768
11230802
11230816
11230821
11230917
11230943
11230969
11230970
11230978
11230994
11231008
11231026
11231094
11231116
11231123
11231213
11231337
11231358
11231531
11231582
11231584
11231601
11231620
11231646
11231834
11231836
11231909
11232061
11232063
11232531
11232677
11232756
11232959
11233459
11233616
11233645
11233974
11234082
11234145
11234168
11235046
11235434
11235459
11235472
11235473
11235476
11235804
11236542
11237431
11237837
11237844
11237957
11238226
11239194
11240094
11240878
11241181
11241274
11241384
11241409
11241478
11241663
11241695
11241792
11242177
11242334
11242413
11242623
11242699
11243082
11243106
11243742
11243800
11244013
11244344
11244449
11244464
11244602
11244694
11245390
11245506
11245508
11246749
11246807
11246910
11246934
11246942
11246946
11246951
11246959
11246967
11246968
11247010
11247200
11247238
11247268
11247269
11247270
11247272
11247294
11247748
11247811
11247813
11247814
11247900
11248143
11248144
11248145
11248171
11248248
11248621
11249052
11249110
11249456
11249514
11249723
11250247
11250248
11250251
11250455
11250831
11250877
11251400
11251464
11252068
11252402
11253032
11253113
11253759
11255126
11255232
11255247
11255481
11256206
11257223
11257473
11257474
11257881
11257931
11258199
11258268
11258269
11258308
11258328
11258438
11259420
11259599
11259644
11259871
11261493
11261857
11267038
11267406
11280999
11282639
11282996
11284197
11284375
11284963
11285063
11285542
11285866
11286094
11286232
11286341
11286556
11286583
11286976
11287448
11287616
11287749
11287794
11288659
11288884
11288919
11289064
11292840
11293000
11293136
11297281
11297634
11297674
11297677
11297687
11299066
11299378
11299995
11301593
11302512
11303161
11306143
11306172
11307228
11311979
11317421
11319125
11319340
11319343
11319344
11319450
11321458
11322927
11323658
11327604
11328909
11329997
11332165
11333646
11334094
11335345
11337071
11337252
11338273
11338456
11338874
11342422
11348396
11348423
11349971
11350090
11351697
11352837
11353360
11353792
11354296
11354387
11357371
11357822
11358732
11360902
11362963
11363735
11363817
11363911
11364436
11364438
11364452
11364455
11364458
11364673
11364674
11364679
11364789
11364800
11366661
11366959
11367848
11367853
11369760
11370311
11370478
11370781
11370979
11371330
11371332
11371333
11371339
11371873
11371935
11372543
11372731
11372745
11372755
11373323
11373326
11373327
11373344
11373387
11373422
11377790
11377889
11377892
11377894
11378867
11379319
11379321
11379365
11379585
11379591
11379610
11379704
11379739
11379767
11379774
11379779
11379786
11379788
11379790
11379931
11379934
11380411
11380452
11380476
11380483
11380513
11381153
11381343
11381422
11381521
11382344
11382398
11382609
11382671
11382678
11382748
11382749
11382750
11382751
11382778
11382829
11382843
11383007
11383012
11383100
11383180
11383233
11383254
11383321
11383407
11383602
11383660
11383950
11384034
11384190
11384971
11385193
11385211
11385617
11385673
11385675
11385680
11385790
11385872
11386167
11386192
11387970
11388317
11388407
11388953
11390058
11390288
11390619
11392155
11392165
11392170
11392173
11392177
11392185
11392570
11393203
11393204
11393213
11393973
11394129
11394699
11394719
11395081
11395092
11395128
11395678
11396599
11397659
11397665
11397886
11397934
11398007
11398673
11399230
11399231
11399671
11400568
11400581
11400872
11400882
11400883
11401652
11402097
11403062
11403063
11403182
11403628
11403680
11403681
11403687
11404657
11405390
11405607
11408075
11408554
11409057
11410157
11410161
11410166
11410167
11410955
11410956
11410957
11412218
11412351
11412800
11412991
11412998
11413128
11413131
11413132
11413133
11413184
11413213
11413258
11413292
11413335
11413883
11414751
11414777
11414779
11414781
11414784
11414819
11414829
11415236
11415237
11415427
11415434
11415441
11415453
11415853
11415861
11416097
11416109
11416110
11416182
11416185
11416210
11416246
11416254
11416271
11416272
11416273
11416275
11417043
11417071
11417076
11417084
11417086
11417092
11417100
11417108
11417390
11417408
11417754
11417755
11417769
11417789
11417837
11417848
11417852
11418006
11418121
11418148
11418150
11418197
11418199
11418262
11418539
11418544
11418556
11418582
11418770
11418771
11418781
11419098
11419100
11419527
11419979
11420047
11420171
11420225
11420704
11422101
11422461
11423586
11435331
11448224
11453518
11458482
11458748
11468058
11469428
11471087
